@CONVERTED_FROM_TEXT
@ITEM=1=DTU
@ITEM=2=Sirifort
@ITEM=3=shadipur
@ITEM=4=Dwarka
@ITEM=5=IHBAS
@ITEM=6=RKpuram
@ITEM=7=MandirMarg
@ITEM=8=PunjabiMarg
@ITEM=9=AnandVihar
@ITEM=10=AyaNagar
@ITEM=11=IGITerminal3IMD
@ITEM=12=BurariCrossingIMD
@ITEM=13=PusaIMD
@ITEM=-1=|
1 -1 3 -1 4 -1 6 -1 8 -1 9 -1 10 -1 12 -1 -2 	 
1 -1 2 -1 3 -1 4 -1 6 -1 8 -1 10 -1 12 -1 -2 	 
1 -1 3 -1 4 -1 9 -1 10 -1 12 -1 -2 	 
1 -1 2 -1 3 -1 4 -1 5 -1 6 -1 7 -1 8 -1 9 -1 10 -1 11 -1 12 -1 -2 	 
1 -1 2 -1 3 -1 4 -1 5 -1 6 -1 7 -1 8 -1 9 -1 10 -1 11 -1 12 -1 13 -1 -2 
1 -1 2 -1 4 -1 6 -1 7 -1 8 -1 9 -1 10 -1 11 -1 12 -1 -2 	 
1 -1 2 -1 3 -1 4 -1 6 -1 7 -1 8 -1 9 -1 11 -1 12 -1 -2 	 
1 -1 2 -1 3 -1 4 -1 5 -1 6 -1 7 -1 8 -1 9 -1 10 -1 11 -1 12 -1 13 -1 -2 
1 -1 2 -1 3 -1 4 -1 5 -1 6 -1 7 -1 8 -1 9 -1 10 -1 11 -1 12 -1 -1 -2 	 
1 -1 2 -1 3 -1 4 -1 5 -1 6 -1 7 -1 8 -1 9 -1 10 -1 11 -1 12 -1 -1 -2 	 
1 -1 3 -1 4 -1 6 -1 7 -1 8 -1 9 -1 10 -1 12 -1 -2 	 
1 -1 3 -1 4 -1 6 -1 7 -1 8 -1 9 -1 12 -1 -2 	 
1 -1 2 -1 3 -1 4 -1 5 -1 6 -1 7 -1 8 -1 9 -1 10 -1 11 -1 12 -1 -2 	 
1 -1 2 -1 3 -1 4 -1 6 -1 7 -1 8 -1 9 -1 10 -1 11 -1 12 -1 -2 	 
1 -1 2 -1 3 -1 4 -1 5 -1 6 -1 7 -1 8 -1 9 -1 10 -1 11 -1 12 -1 -2 	 
1 -1 2 -1 3 -1 4 -1 5 -1 6 -1 7 -1 8 -1 9 -1 10 -1 11 -1 12 -1 -2 	 
1 -1 2 -1 3 -1 4 -1 6 -1 7 -1 8 -1 9 -1 10 -1 11 -1 12 -1 -2 	 
1 -1 2 -1 3 -1 4 -1 5 -1 6 -1 7 -1 8 -1 9 -1 10 -1 11 -1 12 -1 13 -1 -2 
1 -1 2 -1 3 -1 4 -1 5 -1 6 -1 7 -1 8 -1 9 -1 10 -1 11 -1 12 -1 13 -1 -2 
1 -1 2 -1 3 -1 4 -1 5 -1 6 -1 7 -1 8 -1 9 -1 10 -1 11 -1 12 -1 13 -1 -2 
1 -1 2 -1 3 -1 4 -1 5 -1 6 -1 7 -1 8 -1 9 -1 10 -1 11 -1 12 -1 13 -1 -2 
1 -1 2 -1 3 -1 4 -1 6 -1 7 -1 8 -1 9 -1 10 -1 11 -1 12 -1 13 -1 -2 
1 -1 2 -1 3 -1 4 -1 6 -1 7 -1 8 -1 9 -1 10 -1 11 -1 12 -1 13 -1 -2 
1 -1 2 -1 3 -1 4 -1 5 -1 6 -1 7 -1 8 -1 9 -1 10 -1 11 -1 12 -1 13 -1 -2 
1 -1 2 -1 3 -1 4 -1 5 -1 6 -1 7 -1 8 -1 9 -1 10 -1 11 -1 12 -1 13 -1 -2 
1 -1 2 -1 3 -1 4 -1 5 -1 6 -1 7 -1 8 -1 9 -1 10 -1 11 -1 12 -1 13 -1 -2 
1 -1 2 -1 3 -1 4 -1 5 -1 6 -1 7 -1 8 -1 9 -1 10 -1 11 -1 12 -1 13 -1 -2 
1 -1 2 -1 3 -1 4 -1 5 -1 6 -1 7 -1 8 -1 9 -1 11 -1 12 -1 13 -1 -2 
1 -1 2 -1 3 -1 4 -1 5 -1 6 -1 7 -1 8 -1 9 -1 10 -1 11 -1 12 -1 13 -1 -2 
1 -1 2 -1 3 -1 4 -1 5 -1 6 -1 7 -1 8 -1 9 -1 10 -1 11 -1 12 -1 13 -1 -2 
1 -1 2 -1 3 -1 4 -1 5 -1 6 -1 7 -1 8 -1 9 -1 10 -1 11 -1 12 -1 13 -1 -2 
1 -1 2 -1 3 -1 4 -1 5 -1 6 -1 7 -1 8 -1 9 -1 10 -1 11 -1 12 -1 13 -1 -2 
1 -1 2 -1 3 -1 4 -1 5 -1 6 -1 7 -1 8 -1 9 -1 10 -1 11 -1 12 -1 13 -1 -2 
1 -1 2 -1 3 -1 4 -1 5 -1 6 -1 7 -1 8 -1 9 -1 10 -1 11 -1 12 -1 13 -1 -2 
1 -1 2 -1 3 -1 4 -1 5 -1 6 -1 7 -1 8 -1 9 -1 10 -1 11 -1 12 -1 13 -1 -2 
1 -1 2 -1 3 -1 4 -1 5 -1 6 -1 7 -1 8 -1 9 -1 10 -1 11 -1 12 -1 13 -1 -2 
1 -1 2 -1 3 -1 4 -1 5 -1 6 -1 7 -1 8 -1 9 -1 10 -1 11 -1 12 -1 13 -1 -2 
1 -1 2 -1 3 -1 4 -1 5 -1 6 -1 7 -1 8 -1 9 -1 10 -1 11 -1 12 -1 13 -1 -2 
1 -1 2 -1 3 -1 4 -1 5 -1 6 -1 7 -1 8 -1 9 -1 10 -1 11 -1 12 -1 13 -1 -2 
1 -1 2 -1 3 -1 4 -1 5 -1 6 -1 7 -1 8 -1 9 -1 10 -1 11 -1 12 -1 13 -1 -2 
1 -1 2 -1 3 -1 4 -1 5 -1 6 -1 7 -1 8 -1 9 -1 10 -1 11 -1 12 -1 13 -1 -2 
1 -1 2 -1 3 -1 4 -1 5 -1 6 -1 7 -1 8 -1 9 -1 10 -1 11 -1 12 -1 13 -1 -2 
1 -1 2 -1 3 -1 4 -1 5 -1 6 -1 7 -1 8 -1 9 -1 10 -1 11 -1 12 -1 13 -1 -2 
1 -1 2 -1 3 -1 4 -1 5 -1 6 -1 7 -1 8 -1 9 -1 10 -1 11 -1 12 -1 13 -1 -2 
1 -1 2 -1 3 -1 4 -1 5 -1 6 -1 7 -1 8 -1 9 -1 10 -1 11 -1 12 -1 13 -1 -2 
1 -1 2 -1 4 -1 5 -1 6 -1 7 -1 8 -1 9 -1 10 -1 11 -1 12 -1 13 -1 -2 
1 -1 2 -1 3 -1 4 -1 5 -1 6 -1 7 -1 8 -1 9 -1 10 -1 11 -1 12 -1 13 -1 -2 
1 -1 2 -1 3 -1 4 -1 5 -1 6 -1 7 -1 8 -1 9 -1 10 -1 11 -1 12 -1 13 -1 -2 
1 -1 2 -1 3 -1 4 -1 5 -1 6 -1 7 -1 8 -1 9 -1 10 -1 11 -1 12 -1 13 -1 -2 
1 -1 2 -1 3 -1 4 -1 5 -1 6 -1 7 -1 8 -1 9 -1 10 -1 11 -1 12 -1 13 -1 -2 
1 -1 2 -1 3 -1 4 -1 5 -1 6 -1 7 -1 8 -1 9 -1 10 -1 11 -1 12 -1 13 -1 -2 
1 -1 2 -1 3 -1 4 -1 5 -1 6 -1 7 -1 8 -1 9 -1 10 -1 11 -1 12 -1 13 -1 -2 
1 -1 2 -1 3 -1 4 -1 5 -1 6 -1 7 -1 8 -1 9 -1 10 -1 11 -1 12 -1 13 -1 -2 
