@CONVERTED_FROM_TEXT
@ITEM=1=ITO
@ITEM=2=DTU
@ITEM=3=Sirifort
@ITEM=4=shadipur
@ITEM=5=Dwarka
@ITEM=6=IHBAS
@ITEM=7=RKpuram
@ITEM=8=MandirMarg
@ITEM=9=PunjabiMarg
@ITEM=10=AnandVihar
@ITEM=11=AyaNagar
@ITEM=12=IGITerminal3IMD
@ITEM=13=BurariCrossingIMD
@ITEM=14=PusaIMD
@ITEM=-1=|
4 -1 10 -1 -2	 	 	 	 
4 -1 10 -1 -2	 	 	 	 
1 -1 3 -1 4 -1 10 -1 -2	 	 	 	 
1 -1 4 -1 6 -1 10 -1 -2	 	 	 	 
1 -1 4 -1 6 -1 10 -1 -2	 	 	 	 
1 -1 4 -1 5 -1 6 -1 10 -1 11 -1 -2	 	 	 
1 -1 2 -1 4 -1 5 -1 6 -1 7 -1 10 -1 -2	 	 	 
1 -1 2 -1 3 -1 4 -1 5 -1 7 -1 8 -1 9 -1 10 -1 11 -1 -2	 	 	 
1 -1 2 -1 3 -1 5 -1 6 -1 7 -1 8 -1 9 -1 10 -1 11 -1 -2	 	 	 
1 -1 5	6 -1 9 -1 10 -1 -2 	 	 	 
10 -1 -2	 	 	 	 
5 -1 6 -1 10 -1 -2	 	 	 	 
10 -1 -2	 	 	 	 
10 -1 -2	 	 	 	 
9 -1 10 -1 -2	 	 	 	 
6 -1 10 -1 -2	 	 	 	 
10 -1 -2	 	 	 	 
10 -1 -2	 	 	 	 
7 -1 9 -1 10 -1 -2	 	 	 	 
10 -1 -2	 	 	 	 
5 -1 6 -1 9 -1 10 -1 -2	 	 	 	 
9 -1 10 -1 -2	 	 	 	 
6 -1 10 -1 -2 	 	 	 
5 -1 10 -1 -2	 	 	 	 
3 -1 9 -1 10 -1 -2	 	 	 	 
9 -1 10 -1 -2	 	 	 	 
9 -1 10 -1 -2	 	 	 	 
9 -1 10 -1 -2 	 	 	 
3 -1 5 -1 10 -1 11 -1 -2	 	 	 
3 -1 5 -1 10 -1 -2 	 	 	 
1 -1 3 -1 5 -1 6 -1 8 -1 10 -1 -2	 	 	 	 
1 -1 5 -1 6 -1 7 -1 8 -1 10 -1 11 -1 -2	 	 	 
1 -1 2 -1 4 -1 5 -1 6 -1 7 -1 8 -1 9 -1 10 -1 11 -1 14 -1 -2
1 -1 2 -1 5 -1 6 -1 7 -1 8 -1 10 -1 11 -1 -2	 	 	 
1 -1 4 -1 5 -1 6 -1 7 -1 8 -1 9 -1 10 -1 11 -1 14 -1 -2
1 -1 5 -1 6 -1 7 -1 8 -1 10 -1 11 -1 14 -1 -2
1 -1 7 -1 10 -1 11 -1 -2	 	 	 
3 -1 10 -1 -2	 	 	 	 
5 -1 10 -1 -2	 
10 -1 11 -1 -2	 	 	 
1 -1 3 -1 6 -1 10 -1 13 -1 -2
3 -1 10 -1 -2	 	 	 	 
5 -1 10 -1 -2	 	 	 	 
5 -1 13 -1 -2	 
6 -1 10 -1 13 -1 -2	 
6 -1 -2	 	 	 	 	 	 	 
5 -1 -2	 	 	 	 	 	 	 	 	 
1 -1 5 -1 -2 	 	 	 	 	 	 	 	 
1 -1 4 -1 9 -1 10 -1 -2	 	 	 	 
1 -1 4 -1 7 -1 9 -1 10 -1 13 -1 -2	 
1 -2 -1 -2	 	 	 	 	 
1 -2 -1 -2	 	 	 	 	 	 	 
1 -1 9 -1 -2 	 	 	 	 
1 -1 4 -1 -2	 	 	 	 	 	 	 	 	 	 
1 -1 -2 	 	 	 	 	 	 	 	 	 
1 -1 -2 	 	 	 	 	 	 	 	 
1 -1 -2	 	 	 	 	 	 	 	 	 	 
1 -1 -2	 	 	 	 	 	 	 	 	 	 
1 -1 5 -1 9 -1 -2	 	 	 	 	 
1 -1 4 -1 5 -1 10 -1 -2	 	 	 	 
1 -1 4 -1 -2	 	 	 	 	 	 	 	 	 	 
1 -1 3 -1 4 -1 -2	 	 	 	 	 	 	 	 	 	 
1 -1 5 -1 6 -1 10 -1 -2	 	 	 	 
1 -1 5 -1 6 -1 10 -1 13 -1 -2	 
1 -1 5 -1 7 -1 9 -1 10 -1 -2	 	 	 	 
1 -1 9 -1 -2	 	 	 	 	 
1 -1 9 -1 -2	 	 	 	 	 
1 -1 6 -1 9 -1 14 -1 -2
1 -1 5 -1 9 -1 -2	 	 	 	 	 
1 -1 9 -1 -2	 	 	 	 	 
1 -1 9 -1 -2	 	 	 	 	 
1 -1 5 -1 9 -1 -2	 	 	 	 	 
1 -1 -2	 	 	 	 	 	 	 	 	 	 
1 -1 -2	 	 	 	 	 	 	 	 
1 -1 5 -1 -2	 	 	 	 	 	 	 	 	 
1 -1 5 -1 -2	 	 	 	 	 	 	 	 	 
1 -1 5 -1 11 -1 -2	 	 	 
1 -1 4 -1 5 -1 10 -1 13 -1 -2	 
1 -1 3 -1 4 -1 5 -1 7 -1 11 -1 13 -1 -2	 
1 -1 4 -1 5 -1 7 -1 8 -1 9 -1 10 -1 11 -1 13 -1 -2	 
1 -1 4 -1 7 -1 9 -1 10 -1 12 -1 -2	 	 
1 -1 10 -1 -2 	 	 	 
1 -1 9 -1 10 -1 -2	 	 	 	 
1 -1 3 -1 10 -1 -2	 	 	 	 
1 -1 9 -1 -2	 	 	 	 	 
1 -1 2 -1 5 -1 -2	 	 	 	 	 	 	 	 	 
1 -1 2 -1 5 -1 8 -1 9 -1 13 -1 -2	 
1 -1 2 -1 3 -1 4 -1 5 -1 7 -1 9 -1 10 -1 11 -1 12 -1 13 -1 -2	 
1 -1 2 -1 4 -1 5 -1 6 -1 7 -1 8 -1 9 -1 10 -1 11 -1 12 -1 -2	 	 
1 -1 2 -1 4 -1 5 -1 6 -1 7 -1 9 -1 10 -1 11 -1 12 -1 -2	 	 
1 -1 2 -1 5 -1 7 -1 9 -1 10 -1 11 -1 12 -1 -2	 	 
