1 -1 2 -1 3 -1 4 -1 5 -1 6 -1 7 -1 8 -1 9 -1 10 -1 12 -1 13 -1 14 -1 15
1 -1 2 -1 3 -1 4 -1 5 -1 6 -1 7 -1 8 -1 9 -1 10 -1 12 -1 13 -1 14 -1 15
1 -1 2 -1 3 -1 4 -1 5 -1 6 -1 7 -1 8 -1 9 -1 10 -1 12 -1 13 -1 14 -1 15
1 -1 2 -1 3 -1 4 -1 5 -1 6 -1 7 -1 8 -1 9 -1 10 -1 12 -1 13 -1 14 -1 15
1 -1 2 -1 3 -1 4 -1 5 -1 6 -1 7 -1 8 -1 9 -1 10 -1 12 -1 13 -1 14 -1 15
1 -1 2 -1 3 -1 4 -1 5 -1 6 -1 7 -1 8 -1 9 -1 10 -1 12 -1 13 -1 14 -1 15
1 -1 2 -1 3 -1 4 -1 5 -1 6 -1 7 -1 8 -1 9 -1 10 -1 12 -1 13 -1 14 -1 15
1 -1 2 -1 3 -1 4 -1 5 -1 6 -1 7 -1 8 -1 9 -1 10 -1 12 -1 13 -1 14 -1 15
1 -1 2 -1 3 -1 4 -1 5 -1 6 -1 7 -1 8 -1 9 -1 10	-1 12 -1 13 -1 14 -1 15 -2
1 -1 2 -1 3 -1 4 -1 5 -1 6 -1 7 -1 8 -1 9 -1 10	-1 12 -1 13 -1 14 -1 15 -2
1 -1 2 -1 3 -1 4 -1 5 -1 6 -1 7 -1 8 -1 9 -1 10	-1 12 -1 13 -1 14 -1 15 -2
1 -1 2 -1 3 -1 4 -1 5 -1 6 -1 7 -1 8 -1 9 -1 10 -2 
1 -1 2 -1 3 -1 4 -1 5 -1 6 -1 7 -1 8 -1 9 -1 10	-1 12 -1 13 -1 14 -1 15 -2
1 -1 2 -1 3 -1 5 -1 7 -1 8 -1 9 -1 10 -2 
1 -1 2 -1 3 -1 4 -1 5 -1 6	7	8	9	10	 -1 	12	13	 -1 	15
1	2	3	4	5	6	7	8	9	10	 -1 	12	13	14	15
1	2	3	4	5	6	7	8	9	10	 -1 	12	13	14	15
1	2	3	4	5	6	7	8	9	10	 -1 	12	13	14	15
1	2	3	4	5	6	7	8	9	10	 -1 	12	13	14	15
1	2	3	4	5	6	7	8	9	10	 -1 	12	13	14	15
1	2	3	4	5	6	7	8	9	10	 -1 	12	13	14	15
1	2	3	4	5	6	7	8	9	10	 -1 	12	13	14	15
1	2	3	4	5	6	7	8	9	10	 -1 	12	13	14	15
1	2	3	4	5	6	7	8	9	10	 -1 	12	13	14	15
1	2	3	4	5	6	7	8	9	10	 -1 	12	13	14	 -1 
 -1 	2	3	4	5	 -1 	7	 -1 	9	10	 -1 	 -1 	 -1 	14	 -1 
1	2	3	4	5	6	7	8	9	10	 -1 	 -1 	13	14	 -1 
1	2	3	4	5	6	7	8	9	10	 -1 	12	13	14	15
1	2	3	4	5	6	7	8	9	10	 -1 	12	13	14	15
1	2	3	4	5	6	7	8	9	10	 -1 	12	13	14	15
1	2	3	4	5	6	7	8	9	10	 -1 	12	13	14	 -1 
1	2	3	4	5	6	7	8	9	10	 -1 	12	 -1 	14	 -1 
 -1 	2	3	 -1 	5	 -1 	7	8	9	10	 -1 	12	 -1 	14	 -1 
1	2	 -1 	 -1 	5	6	7	8	9	10	 -1 	 -1 	 -1 	14	 -1 
1	2	3	4	5	6	7	8	9	10	 -1 	12	13	14	 -1 
1	2	3	4	5	6	7	8	9	10	 -1 	12	13	14	15
1	2	3	4	5	6	7	8	9	10	 -1 	12	13	14	15
1	2	3	 -1 	5	 -1 	7	8	9	10	 -1 	12	 -1 	14	 -1 
1	2	3	4	5	6	7	8	9	10	 -1 	12	13	14	 -1 
1	2	3	4	5	6	7	8	9	10	 -1 	12	13	14	 -1 
1	2	3	4	5	6	7	8	9	10	 -1 	 -1 	13	14	15
1	2	3	4	5	6	7	8	9	10	 -1 	 -1 	13	14	15
1	2	3	4	5	6	7	8	9	10	 -1 	 -1 	13	14	15
1	2	3	4	5	6	7	8	9	10	 -1 	 -1 	 -1 	14	 -1 
1	2	3	4	5	 -1 	7	8	9	10	 -1 	12	 -1 	14	 -1 
1	2	3	4	5	6	 -1 	 -1 	 -1 	10	 -1 	12	 -1 	14	 -1 
1	2	3	4	5	6	7	8	9	10	 -1 	12	13	14	 -1 
1	2	3	4	5	6	7	8	9	10	 -1 	12	13	14	15
1	2	3	4	5	6	7	8	9	10	 -1 	12	13	14	15
1	2	3	4	5	6	7	8	9	10	 -1 	 -1 	13	14	 -1 
 -1 	2	3	 -1 	5	 -1 	7	 -1 	 -1 	10	 -1 	 -1 	 -1 	14	 -1 
1	2	3	 -1 	5	6	7	8	9	10	 -1 	 -1 	 -1 	14	 -1 
1 -1 2	3	4	5	6	7	8	9	10	 -1 	 -1 	13	14	 -1 
1 -1 2 -1 3 -1 4 -1 5 -1 6 -1 7 -1 8 -1 9 -1 10 -1 13 -1 14 -2 
1 -1 2 -1 3 -1 4 -1 5 -1 6 -1 7 -1 8 -1 9 -1 10 -1 12 -1 13 -1 14 -2 
1 -1 2 -1 3 -1 4 -1 5 -1 6 -1 7 -1 8 -1 9 -1 10	-1 12 -1 13 -1 14 -1 15 -2
1 -1 2 -1 3 -1 4 -1 5 -1 6 -1 7 -1 8 -1 9 -1 10 -1 14 -2 
1 -1 2 -1 3 -1 4 -1 5 -1 6 -1 7 -1 8 -1 9 -1 10	-1 13 -1 14 -2 
1 -1 3 -1 4 -1 5 -1 6 -1 7 -1 8 -1 9 -1 10 -1 12 -1 14 -1 -2
